00111100000000010001000000000001
00110100001001000000000000000000
00111100000000010001000000000001
00110100001001010000000001000000
00111100000000010001000000000001
00110100001001100000000001010000
00001100000100000000000000001001
00100100000000100000000000001010
00000000000000000000000000001100
00100000000010000000000000000000
00100000000010010000000000000100
10001100100100010000000000000000
00000001000010010000100000101011
00010000001000000000000000001000
10001100100100000000000000000000
00000010000100011000000000100001
00100010000010100000000000000000
10101100110010100000000000000000
00100100100001000000000000010000
00100100110001100000000000000100
00100101000010000000000000000001
00001000000100000000000000001100
00000011111000000000000000001000
